Solucion:
Valor Objetivo Z = 124.01515552614164
Asignacion de Variables
x1 = 0.0
x2 = 0.0
x3 = 0.0
x4 = 5.110258107213768
x5 = 2.5249834546657843
x6 = 0.0
x7 = 0.0
x8 = 0.0
x9 = 0.0
x10 = 0.0
x11 = 0.0
x12 = 0.0
x13 = 0.0
x14 = 0.0
x15 = 0.0
x16 = 0.0
x17 = 0.0
x18 = 0.0
x19 = 4.397749834546658
x20 = 0.0
x21 = 0.0
