Solucion:
Valor Objetivo Z = 238.61161094663876
Asignacion de Variables
x1 = 0.0
x2 = 0.0
x3 = 0.06725395335403267
x4 = 3.3478951548848297
x5 = 0.0
x6 = 0.0
x7 = 1.613979348689436
x8 = 0.0
x9 = 0.0
