Solucion:
Valor Objetivo Z = 1287.7278688524589
Asignacion de Variables
x1 = 58.42950819672133
x2 = 0.0
x3 = 0.0
x4 = 0.0
x5 = 0.0
x6 = 0.0
x7 = 22.849180327868837
x8 = 0.0
x9 = 0.0
x10 = 0.0
x11 = 0.0
x12 = 0.0
x13 = 0.0
x14 = 0.0
x15 = 0.0
x16 = 0.0
