Solucion:
Valor Objetivo Z = 1022.55421686747
Asignacion de Variables
x1 = 0.0
x2 = 11.604417670682732
x3 = 0.0
x4 = 0.0
x5 = 0.0
x6 = 0.0
x7 = 0.0
x8 = 1.560240963855422
x9 = 0.0
x10 = 0.0
x11 = 0.0
x12 = 0.0
x13 = 0.0
x14 = 0.0
x15 = 0.0
x16 = 0.0
x17 = 1.1987951807228914
x18 = 0.0
