Solucion:
Valor Objetivo Z = 877.054959894933
Asignacion de Variables
x1 = 0.0
x2 = 0.0
x3 = 0.0
x4 = 5.35078763235414
x5 = 7.145164760964897
x6 = 0.0
x7 = 6.20480667205853
x8 = 0.0
x9 = 0.0
x10 = 0.0
