Solucion:
Valor Objetivo Z = 105.04068914643742
Asignacion de Variables
x1 = 0.0
x2 = 0.0
x3 = 0.0
x4 = 0.0
x5 = 0.0
x6 = 7.117193272037816
x7 = 0.0
x8 = 0.0
x9 = 0.0
x10 = 0.0
x11 = 0.0
x12 = 3.1084334009394596
x13 = 10.835815585582289
x14 = 0.0
x15 = 0.0
x16 = 0.0
x17 = 0.0
x18 = 0.0
x19 = 0.0
x20 = 0.0
x21 = 0.0
x22 = 0.0
x23 = 0.0
x24 = 0.0
x25 = 0.0
x26 = 0.0
x27 = 0.0
x28 = 14.952342807094707
x29 = 0.0
x30 = 0.0
