Solucion:
Valor Objetivo Z = 629.1302083333333
Asignacion de Variables
x1 = 0.0
x2 = 0.0
x3 = 0.0
x4 = 0.0
x5 = 0.0
x6 = 0.0
x7 = 0.0
x8 = 0.0
x9 = 0.0
x10 = 0.0
x11 = 0.0
x12 = 0.0
x13 = 0.0
x14 = 0.0
x15 = 0.0
x16 = 0.0
x17 = 0.0
x18 = 0.0
x19 = 3.839488636363636
x20 = 0.0
x21 = 0.0
x22 = 0.0
x23 = 0.0
x24 = 0.0
x25 = 0.0
x26 = 0.0
x27 = 0.0
x28 = 0.0
x29 = 5.127840909090912
x30 = 0.0
x31 = 0.0
x32 = 0.0
x33 = 0.0
x34 = 0.4498106060606021
x35 = 0.0
x36 = 0.0
