Solucion:
Valor Objetivo Z = 76.01332465060362
Asignacion de Variables
x1 = 0.0
x2 = 0.0
x3 = 0.0
x4 = 0.0
x5 = 0.0
x6 = 0.0
x7 = 1.0738365977057551
x8 = 0.0
x9 = 0.0
x10 = 0.0
x11 = 0.0
x12 = 0.0
x13 = 0.0
x14 = 8.070981315433553
x15 = 0.025497169764062688
x16 = 0.0
x17 = 0.0
x18 = 0.0
x19 = 0.0
