Solucion:
Valor Objetivo Z = 358.25416808438246
Asignacion de Variables
x1 = 0.0
x2 = 0.0
x3 = 0.0
x4 = 0.0
x5 = 0.0
x6 = 0.0
x7 = 0.9717591017352841
x8 = 0.0
x9 = 0.0
x10 = 0.0
x11 = 0.0
x12 = 0.0
x13 = 2.297039809459
x14 = 0.0
x15 = 10.384484518543722
