Solucion:
Valor Objetivo Z = 1687.1748633879783
Asignacion de Variables
x1 = 0.0
x2 = 0.0
x3 = 0.0
x4 = 0.0
x5 = 0.0
x6 = 0.0
x7 = 0.0
x8 = 31.732240437158467
x9 = 8.103825136612034
x10 = 0.0
x11 = 12.060109289617477
x12 = 0.0
x13 = 0.0
x14 = 0.0
x15 = 0.0
x16 = 0.0
x17 = 0.0
x18 = 0.0
x19 = 0.0
x20 = 0.0
x21 = 0.0
x22 = 0.0
x23 = 6.606557377049176
