Solucion:
Valor Objetivo Z = 621.2390697674417
Asignacion de Variables
x1 = 0.0
x2 = 0.0
x3 = 6.962790697674416
x4 = 0.0
x5 = 0.3506976744186042
x6 = 0.0
x7 = 0.0
x8 = 3.174883720930234
x9 = 0.0
x10 = 0.0
x11 = 0.0
x12 = 0.0
x13 = 0.0
x14 = 0.0
x15 = 0.0
x16 = 0.0
x17 = 0.0
x18 = 0.0
x19 = 0.0
