Solucion:
Valor Objetivo Z = 5402.586042380054
Asignacion de Variables
x1 = 0.0
x2 = 0.0
x3 = 10.248808568944542
x4 = 0.0
x5 = 35.9267263127908
x6 = 0.0
x7 = 59.75667254754027
x8 = 0.0
x9 = 0.0
x10 = 0.0
x11 = 0.0
x12 = 0.0
x13 = 0.0
x14 = 0.0
x15 = 0.0
x16 = 0.0
x17 = 0.0
x18 = 0.0
x19 = 2.8817824547461135
x20 = 0.0
x21 = 0.0
x22 = 0.0
x23 = 0.0
x24 = 0.0
x25 = 0.0
x26 = 0.0
x27 = 0.0
x28 = 0.0
x29 = 0.0
x30 = 0.0
x31 = 0.0
x32 = 0.0
x33 = 0.0
x34 = 0.0
x35 = 0.0
x36 = 0.0
x37 = 0.0
x38 = 0.0
