Solucion:
Valor Objetivo Z = 410.00000000000006
Asignacion de Variables
x1 = 0.0
x2 = 0.0
x3 = 0.0
x4 = 5.6818181818181825
x5 = 0.0
x6 = 0.0
x7 = 0.0
x8 = 0.0
x9 = 0.0
x10 = 0.0
x11 = 0.27272727272727254
