Solucion:
Valor Objetivo Z = 561.7581863979849
Asignacion de Variables
x1 = 0.0
x2 = 7.98740554156171
x3 = 0.0
x4 = 0.0
x5 = 0.0
x6 = 0.0
x7 = 0.0
x8 = 0.0
x9 = 0.0
x10 = 0.0
x11 = 0.0
x12 = 5.5
x13 = 0.0
x14 = 0.0
x15 = 0.0
x16 = 0.0
x17 = 0.0
x18 = 0.0
x19 = 0.0
x20 = 0.0
x21 = 0.0
x22 = 0.0
x23 = 0.2506297229219144
x24 = 0.0
