Solucion:
Valor Objetivo Z = 420.4529792408857
Asignacion de Variables
x1 = 0.0
x2 = 0.0
x3 = 0.9103528858915488
x4 = 0.0
x5 = 0.0
x6 = 0.0
x7 = 2.3743816400271798
x8 = 0.0
x9 = 0.0
x10 = 0.0
x11 = 0.0
x12 = 0.228312155099605
x13 = 0.0
x14 = 0.0
x15 = 0.0
x16 = 0.0
x17 = 0.0
x18 = 0.0
x19 = 0.0
x20 = 0.0
x21 = 3.0409213007944214
x22 = 0.0
x23 = 0.0
x24 = 0.0
x25 = 0.0
x26 = 0.0
x27 = 0.0
x28 = 0.0
x29 = 0.0
x30 = 0.0
x31 = 0.0
x32 = 0.0
x33 = 0.0
x34 = 0.0
x35 = 0.0
x36 = 0.0
