Solucion:
Valor Objetivo Z = 238.38095238095235
Asignacion de Variables
x1 = 1.1904761904761914
x2 = 0.0
x3 = 4.857142857142857
x4 = 0.42857142857142794
x5 = 0.0
x6 = 0.0
x7 = 1.3333333333333333
x8 = 0.0
x9 = 0.0
x10 = 0.0
x11 = 1.0476190476190474
