Solucion:
Valor Objetivo Z = 106.70090046239959
Asignacion de Variables
x1 = 0.0
x2 = 0.0
x3 = 2.6252129471890973
x4 = 0.0
x5 = 0.0
x6 = 0.0
x7 = 0.0
x8 = 0.0
x9 = 0.0
x10 = 0.0
x11 = 0.0
x12 = 0.0
x13 = 0.0
x14 = 0.0
x15 = 0.0
x16 = 0.0
x17 = 0.0
x18 = 0.0
x19 = 0.0
x20 = 0.0
x21 = 0.0
x22 = 0.0
x23 = 0.0
x24 = 0.0
x25 = 0.0
x26 = 0.0
x27 = 0.0
x28 = 3.749330737405694
x29 = 0.0
x30 = 0.0
x31 = 0.0
x32 = 2.4390362618642
x33 = 0.0
x34 = 0.0
