Solucion:
Valor Objetivo Z = 70.65764278921401
Asignacion de Variables
x1 = 0.0
x2 = 0.0
x3 = 2.0238444671395137
x4 = 1.161965652919486
x5 = 2.7459986091039776
x6 = 1.9520992047642698
x7 = 0.0
x8 = 0.0
x9 = 0.0
x10 = 0.7779769980806742
x11 = 0.0
x12 = 0.0
x13 = 0.0
x14 = 0.0
x15 = 0.0
x16 = 0.0
x17 = 0.0
x18 = 0.0
x19 = 0.0
x20 = 0.0
x21 = 0.0
